30461
30792
31104
36388
36475
37817
42289
42942
42943
42944
42945
42946
42947
42948
42949
42950
42951
42952
42953
42954
42955
42956
42957
42958
42959
42960
42961
44658
45378
45625
46538
48100
48847
49674
100146
303087
304683
306615
309345
310629
312812
315972
318195
45082
45083
45084
45201
45203
45204
45205
45206
45207
45208
45209
45210
45211
45212
45213
46053
5564
14205
31969
36331
36473
39987
39988
39989
40002
46049
46808
48628
49124
100079
306828
309536
317045
318300
36778-430
36778-440
36778-450
36778-460
7950
16975
37464
38583
38584
38585
38586
45522
48429
302781
309814
36905-240
36905-250
36905-260
36905-270
40069
40070
40071
86895
86896
86897
86898
86899
86900
86990
86991
86992
86993
86994
86995
86996
86997
86998
86999
87000
87001
87002
87003
87004
87005
87006
87007
87008
87009
87010
87011
87012
87013
87014
87015
87016
30451
36463
36727
38352
38353
38354
38355
38356
38357
38358
38359
38360
42203
44817
46794
49083
100133
311092
