42258-470
42258-480
42258-490
42258-50
42258-500
42258-510
42258-520
42258-530
42258-60
42258-70
42258-80
42258-90
38745
38747
46018
46019
1989
2014
2627
43804
43805
44327
44328
44329
44330
44331
44332
44333
44334
44335
44336
44337
44338
44914
48936
31790
36417
36433
41892
42298
44655
45530
46535
46857
47033
47034
47035
47036
47037
47038
47039
47185
47186
47187
47188
47189
47190
47191
47192
47193
47194
47195
47196
47197
47198
47199
47200
47201
47202
47203
47204
47205
47206
47207
47208
47209
47210
47211
47212
47213
47214
47215
47216
47217
47218
47219
47220
47221
47222
47996
48354
48546
49056
49372
49768
49969
100270
101006
303696
305299
307118
308774
310727
313269
36712-10
36712-100
36712-110
36712-120
36712-130
36712-140
36712-150
36712-160
36712-170
36712-180
36712-190
36712-20
36712-200
36712-210
36712-220
36712-230
36712-240
36712-250
36712-260
36712-270
36712-280
36712-290
36712-30
36712-40
36712-50
36712-60
36712-70
36712-80
36712-90
15334
30087
30103
46062
46063
48106
100998
100999
303828
308734
311250
315692
322651
36973-310
36973-320
46355
46356
